cRanks=3
cName=test
cBaseX=877.559326
cBaseY=1190.020385
cBaseZ=31.397165
