cRanks=6
cName=NMD
cBaseX=661.131958
cBaseY=-1405.837280
cBaseZ=13.026096
