cRanks=0
cName=3
cBaseX=2182.247314
cBaseY=2001.601318
cBaseZ=10.820312
