cRanks=3
cName=eD
cBaseX=2182.052490
cBaseY=1986.337646
cBaseZ=10.820312
