gX=1965.485473
gY=1402.127319
gZ=9.257812
gVirtualWorld=0
gGarage=2
gInterior=0
gName=2
