coX=2597.977539
coY=1178.483398
coZ=10.820302
coPrice=27
coName=canny-bus
coOwner=NO
