coX=816.554809
coY=857.053161
coZ=12.789052
coPrice=5
coName=coalmine
coOwner=NO
