coX=1186.484252
coY=-1539.792358
coZ=13.546875
coPrice=6
coName=sweep
coOwner=NO
