coX=413.835266
coY=2532.396972
coZ=19.148107
coPrice=-1
coName=pilot
coOwner=NO
