coX=-2639.656982
coY=640.165588
coZ=14.453125
coPrice=4
coName=deliver
coOwner=NO
